1.000000	214.500534
0.999000	214.457725
0.998000	214.414882
0.997000	214.372004
0.996000	214.329092
0.995000	214.286145
0.994000	214.243164
0.993000	214.200148
0.992000	214.157098
0.991000	214.114012
0.990000	214.070892
0.989000	214.027737
0.988000	213.984547
0.987000	213.941322
0.986000	213.898062
0.985000	213.854767
0.984000	213.811437
0.983000	213.768071
0.982000	213.724670
0.981000	213.681234
0.980000	213.637762
0.979000	213.594255
0.978000	213.550712
0.977000	213.507133
0.976000	213.463519
0.975000	213.419869
0.974000	213.376183
0.973000	213.332461
0.972000	213.288703
0.971000	213.244909
0.970000	213.201079
0.969000	213.157213
0.968000	213.113310
0.967000	213.069371
0.966000	213.025396
0.965000	212.981384
0.964000	212.937336
0.963000	212.893251
0.962000	212.849130
0.961000	212.804972
0.960000	212.760777
0.959000	212.716545
0.958000	212.672276
0.957000	212.627970
0.956000	212.583627
0.955000	212.539247
0.954000	212.494830
0.953000	212.450375
0.952000	212.405883
0.951000	212.361354
0.950000	212.316787
0.949000	212.272183
0.948000	212.227541
0.947000	212.182861
0.946000	212.138143
0.945000	212.093388
0.944000	212.048595
0.943000	212.003763
0.942000	211.958894
0.941000	211.913986
0.940000	211.869041
0.939000	211.824057
0.938000	211.779034
0.937000	211.733973
0.936000	211.688874
0.935000	211.643736
0.934000	211.598559
0.933000	211.553344
0.932000	211.508090
0.931000	211.462797
0.930000	211.417465
0.929000	211.372094
0.928000	211.326684
0.927000	211.281234
0.926000	211.235746
0.925000	211.190218
0.924000	211.144650
0.923000	211.099043
0.922000	211.053397
0.921000	211.007711
0.920000	210.961985
0.919000	210.916219
0.918000	210.870414
0.917000	210.824569
0.916000	210.778683
0.915000	210.732757
0.914000	210.686792
0.913000	210.640786
0.912000	210.594739
0.911000	210.548652
0.910000	210.502525
0.909000	210.456357
0.908000	210.410148
0.907000	210.363899
0.906000	210.317609
0.905000	210.271278
0.904000	210.224906
0.903000	210.178492
0.902000	210.132038
0.901000	210.085542
0.900000	210.039006
0.899000	209.992427
0.898000	209.945807
0.897000	209.899146
0.896000	209.852443
0.895000	209.805698
0.894000	209.758912
0.893000	209.712083
0.892000	209.665213
0.891000	209.618300
0.890000	209.571345
0.889000	209.524348
0.888000	209.477309
0.887000	209.430227
0.886000	209.383103
0.885000	209.335936
0.884000	209.288727
0.883000	209.241474
0.882000	209.194179
0.881000	209.146841
0.880000	209.099460
0.879000	209.052036
0.878000	209.004569
0.877000	208.957058
0.876000	208.909504
0.875000	208.861906
0.874000	208.814265
0.873000	208.766580
0.872000	208.718852
0.871000	208.671080
0.870000	208.623263
0.869000	208.575403
0.868000	208.875740
0.867000	209.225094
0.866000	209.575435
0.865000	209.926769
0.864000	210.279099
0.863000	210.632429
0.862000	210.986764
0.861000	211.342106
0.860000	211.698461
0.859000	212.055833
0.858000	212.414224
0.857000	212.773641
0.856000	213.134086
0.855000	213.495564
0.854000	213.858078
0.853000	214.221634
0.852000	214.586236
0.851000	214.951887
0.850000	215.318592
0.849000	215.686355
0.848000	216.055181
0.847000	216.425073
0.846000	216.796037
0.845000	217.168076
0.844000	217.541195
0.843000	217.915399
0.842000	218.290691
0.841000	218.667076
0.840000	219.044560
0.839000	219.423145
0.838000	219.802838
0.837000	220.183641
0.836000	220.565561
0.835000	220.948601
0.834000	221.332767
0.833000	221.718062
0.832000	222.104492
0.831000	222.492061
0.830000	222.880774
0.829000	223.270636
0.828000	223.661651
0.827000	224.053825
0.826000	224.447161
0.825000	224.841666
0.824000	225.237344
0.823000	225.634200
0.822000	226.032238
0.821000	226.431464
0.820000	226.831883
0.819000	227.233500
0.818000	227.636320
0.817000	228.040347
0.816000	228.445588
0.815000	228.852046
0.814000	229.259728
0.813000	229.668639
0.812000	230.078783
0.811000	230.490166
0.810000	230.902794
0.809000	231.316671
0.808000	231.731803
0.807000	232.148195
0.806000	232.565853
0.805000	232.984781
0.804000	233.404987
0.803000	233.826474
0.802000	234.249249
0.801000	234.673317
0.800000	235.098683
0.799000	235.525354
0.798000	235.953335
0.797000	236.382631
0.796000	236.813249
0.795000	237.245193
0.794000	237.678470
0.793000	238.113086
0.792000	238.549046
0.791000	238.986357
0.790000	239.425023
0.789000	239.865052
0.788000	240.306449
0.787000	240.749219
0.786000	241.193370
0.785000	241.638907
0.784000	242.085836
0.783000	242.534163
0.782000	242.983895
0.781000	243.435038
0.780000	243.887597
0.779000	244.341580
0.778000	244.796992
0.777000	245.253841
0.776000	245.712131
0.775000	246.171870
0.774000	246.633065
0.773000	247.095721
0.772000	247.559845
0.771000	248.025444
0.770000	248.492524
0.769000	248.961092
0.768000	249.431155
0.767000	249.902720
0.766000	250.375792
0.765000	250.850379
0.764000	251.326489
0.763000	251.804127
0.762000	252.283300
0.761000	252.764016
0.760000	253.246282
0.759000	253.730104
0.758000	254.215490
0.757000	254.702446
0.756000	255.190981
0.755000	255.681101
0.754000	256.172813
0.753000	256.666125
0.752000	257.161044
0.751000	257.657578
0.750000	258.155733
0.749000	258.655518
0.748000	259.156940
0.747000	259.660006
0.746000	260.164724
0.745000	260.671101
0.744000	261.179146
0.743000	261.688867
0.742000	262.200270
0.741000	262.713363
0.740000	263.228156
0.739000	263.744655
0.738000	264.262868
0.737000	264.782804
0.736000	265.304471
0.735000	265.827876
0.734000	266.353028
0.733000	266.879935
0.732000	267.408606
0.731000	267.939048
0.730000	268.471271
0.729000	269.005282
0.728000	269.541090
0.727000	270.078703
0.726000	270.618131
0.725000	271.159381
0.724000	271.702462
0.723000	272.247384
0.722000	272.794155
0.721000	273.342783
0.720000	273.893278
0.719000	274.445649
0.718000	274.999904
0.717000	275.556053
0.716000	276.114105
0.715000	276.674069
0.714000	277.235954
0.713000	277.799770
0.712000	278.365525
0.711000	278.933230
0.710000	279.502893
0.709000	280.074525
0.708000	280.648135
0.707000	281.223732
0.706000	281.801327
0.705000	282.380928
0.704000	282.962546
0.703000	283.546191
0.702000	284.131873
0.701000	284.719601
0.700000	285.309387
0.699000	285.901239
0.698000	286.495168
0.697000	287.091185
0.696000	287.689299
0.695000	288.289522
0.694000	288.891864
0.693000	289.496334
0.692000	290.102945
0.691000	290.711706
0.690000	291.322628
0.689000	291.935722
0.688000	292.550999
0.687000	293.168471
0.686000	293.788147
0.685000	294.410039
0.684000	295.034159
0.683000	295.660516
0.682000	296.289124
0.681000	296.919993
0.680000	297.553135
0.679000	298.188561
0.678000	298.826282
0.677000	299.466311
0.676000	300.108660
0.675000	300.753339
0.674000	301.400362
0.673000	302.049740
0.672000	302.701485
0.671000	303.355609
0.670000	304.012125
0.669000	304.671045
0.668000	305.332381
0.667000	305.996146
0.666000	306.662352
0.665000	307.331012
0.664000	308.002140
0.663000	308.675746
0.662000	309.351846
0.661000	310.030451
0.660000	310.711574
0.659000	311.395230
0.658000	312.081430
0.657000	312.770190
0.656000	313.461520
0.655000	314.155437
0.654000	314.851952
0.653000	315.551081
0.652000	316.252836
0.651000	316.957231
0.650000	317.664282
0.649000	318.374000
0.648000	319.086402
0.647000	319.801501
0.646000	320.519311
0.645000	321.239848
0.644000	321.963125
0.643000	322.689158
0.642000	323.417961
0.641000	324.149548
0.640000	324.883936
0.639000	325.621140
0.638000	326.361173
0.637000	327.104053
0.636000	327.849793
0.635000	328.598410
0.634000	329.349920
0.633000	330.104338
0.632000	330.861679
0.631000	331.621961
0.630000	332.385199
0.629000	333.151409
0.628000	333.920608
0.627000	334.692811
0.626000	335.468037
0.625000	336.246300
0.624000	337.027619
0.623000	337.812010
0.622000	338.599489
0.621000	339.390075
0.620000	340.183784
0.619000	340.980634
0.618000	341.780643
0.617000	342.583827
0.616000	343.390205
0.615000	344.199795
0.614000	345.012615
0.613000	345.828682
0.612000	346.648016
0.611000	347.470635
0.610000	348.296556
0.609000	349.125800
0.608000	349.958384
0.607000	350.794328
0.606000	351.633651
0.605000	352.476373
0.604000	353.322511
0.603000	354.172087
0.602000	355.025119
0.601000	355.881628
0.600000	356.741634
0.599000	357.605156
0.598000	358.472216
0.597000	359.342833
0.596000	360.217027
0.595000	361.094821
0.594000	361.976234
0.593000	362.861288
0.592000	363.750004
0.591000	364.642403
0.590000	365.538506
0.589000	366.438337
0.588000	367.341915
0.587000	368.249264
0.586000	369.160406
0.585000	370.075362
0.584000	370.994156
0.583000	371.916810
0.582000	372.843346
0.581000	373.773789
0.580000	374.708162
0.579000	375.646486
0.578000	376.588787
0.577000	377.535089
0.576000	378.485414
0.575000	379.439787
0.574000	380.398232
0.573000	381.360775
0.572000	382.327439
0.571000	383.298249
0.570000	384.273231
0.569000	385.252410
0.568000	386.235811
0.567000	387.223461
0.566000	388.215384
0.565000	389.211607
0.564000	390.212157
0.563000	391.217059
0.562000	392.226340
0.561000	393.240029
0.560000	394.258150
0.559000	395.280733
0.558000	396.307804
0.557000	397.339391
0.556000	398.375522
0.555000	399.416226
0.554000	400.461531
0.553000	401.511465
0.552000	402.566058
0.551000	403.625339
0.550000	404.689336
0.549000	405.758081
0.548000	406.831602
0.547000	407.909929
0.546000	408.993094
0.545000	410.081126
0.544000	411.174057
0.543000	412.271917
0.542000	413.374739
0.541000	414.482552
0.540000	415.595391
0.539000	416.713286
0.538000	417.836270
0.537000	418.964375
0.536000	420.097635
0.535000	421.236083
0.534000	422.379752
0.533000	423.528677
0.532000	424.682890
0.531000	425.842428
0.530000	427.007323
0.529000	428.177611
0.528000	429.353328
0.527000	430.534508
0.526000	431.721188
0.525000	432.913404
0.524000	434.111191
0.523000	435.314588
0.522000	436.523631
0.521000	437.738357
0.520000	438.958803
0.519000	440.185009
0.518000	441.417012
0.517000	442.654852
0.516000	443.898566
0.515000	445.148194
0.514000	446.403776
0.513000	447.665353
0.512000	448.932963
0.511000	450.206649
0.510000	451.486451
0.509000	452.772410
0.508000	454.064568
0.507000	455.362969
0.506000	456.667653
0.505000	457.978664
0.504000	459.296045
0.503000	460.619840
0.502000	461.950093
0.501000	463.286848
0.500000	464.630150
0.499000	465.980045
0.498000	467.336578
0.497000	468.699795
0.496000	470.069742
0.495000	471.446467
0.494000	472.830017
0.493000	474.220439
0.492000	475.617781
0.491000	477.022093
0.490000	478.433423
0.489000	479.851821
0.488000	481.277336
0.487000	482.710019
0.486000	484.149921
0.485000	485.597093
0.484000	487.051587
0.483000	488.513456
0.482000	489.982751
0.481000	491.459526
0.480000	492.943835
0.479000	494.435732
0.478000	495.935272
0.477000	497.442511
0.476000	498.957502
0.475000	500.480304
0.474000	502.010973
0.473000	503.549566
0.472000	505.096141
0.471000	506.650756
0.470000	508.213471
0.469000	509.784345
0.468000	511.363438
0.467000	512.950811
0.466000	514.546524
0.465000	516.150641
0.464000	517.763222
0.463000	519.384332
0.462000	521.014034
0.461000	522.652392
0.460000	524.299470
0.459000	525.955335
0.458000	527.620053
0.457000	529.293690
0.456000	530.976314
0.455000	532.667993
0.454000	534.368795
0.453000	536.078791
0.452000	537.798049
0.451000	539.526641
0.450000	541.264639
0.449000	543.012114
0.448000	544.769140
0.447000	546.535790
0.446000	548.312138
0.445000	550.098260
0.444000	551.894232
0.443000	553.700129
0.442000	555.516030
0.441000	557.342013
0.440000	559.178157
0.439000	561.024541
0.438000	562.881245
0.437000	564.748353
0.436000	566.625945
0.435000	568.514104
0.434000	570.412915
0.433000	572.322463
0.432000	574.242832
0.431000	576.174111
0.430000	578.116385
0.429000	580.069743
0.428000	582.034275
0.427000	584.010071
0.426000	585.997221
0.425000	587.995819
0.424000	590.005956
0.423000	592.027728
0.422000	594.061228
0.421000	596.106554
0.420000	598.163801
0.419000	600.233068
0.418000	602.314455
0.417000	604.408061
0.416000	606.513987
0.415000	608.632336
0.414000	610.763212
0.413000	612.906718
0.412000	615.062960
0.411000	617.232046
0.410000	619.414082
0.409000	621.609179
0.408000	623.817446
0.407000	626.038996
0.406000	628.273939
0.405000	630.522392
0.404000	632.784468
0.403000	635.060285
0.402000	637.349960
0.401000	639.653612
0.400000	641.971361
0.399000	644.303330
0.398000	646.649641
0.397000	649.010419
0.396000	651.385790
0.395000	653.775881
0.394000	656.180820
0.393000	658.600738
0.392000	661.035767
0.391000	663.486040
0.390000	665.951691
0.389000	668.432856
0.388000	670.929673
0.387000	673.442283
0.386000	675.970824
0.385000	678.515441
0.384000	681.076277
0.383000	683.653479
0.382000	686.247193
0.381000	688.857569
0.380000	691.484759
0.379000	694.128914
0.378000	696.790190
0.377000	699.468743
0.376000	702.164731
0.375000	704.878314
0.374000	707.609655
0.373000	710.358918
0.372000	713.126268
0.371000	715.911873
0.370000	718.715903
0.369000	721.538531
0.368000	724.379930
0.367000	727.240276
0.366000	730.119749
0.365000	733.018527
0.364000	735.936795
0.363000	738.874736
0.362000	741.832538
0.361000	744.810391
0.360000	747.808486
0.359000	750.827018
0.358000	753.866183
0.357000	756.926180
0.356000	760.007211
0.355000	763.109479
0.354000	766.233192
0.353000	769.378559
0.352000	772.545790
0.351000	775.735102
0.350000	778.946711
0.349000	782.180837
0.348000	785.437702
0.347000	788.717534
0.346000	792.020560
0.345000	795.347011
0.344000	798.697122
0.343000	802.071131
0.342000	805.469279
0.341000	808.891808
0.340000	812.338966
0.339000	815.811004
0.338000	819.308173
0.337000	822.830732
0.336000	826.378941
0.335000	829.953062
0.334000	833.553364
0.333000	837.180116
0.332000	840.833593
0.331000	844.514074
0.330000	848.221839
0.329000	851.957174
0.328000	855.720369
0.327000	859.511716
0.326000	863.331514
0.325000	867.180063
0.324000	871.057669
0.323000	874.964642
0.322000	878.901295
0.321000	882.867947
0.320000	886.864921
0.319000	890.892543
0.318000	894.951145
0.317000	899.041065
0.316000	903.162641
0.315000	907.316222
0.314000	911.502157
0.313000	915.720802
0.312000	919.972519
0.311000	924.257672
0.310000	928.576633
0.309000	932.929780
0.308000	937.317492
0.307000	941.740159
0.306000	946.198173
0.305000	950.691933
0.304000	955.221844
0.303000	959.788315
0.302000	964.391765
0.301000	969.032614
0.300000	973.711293
0.299000	978.428237
0.298000	983.183887
0.297000	987.978691
0.296000	992.813105
0.295000	997.687592
0.294000	1002.602618
0.293000	1007.558662
0.292000	1012.556205
0.291000	1017.595738
0.290000	1022.677761
0.289000	1027.802777
0.288000	1032.971301
0.287000	1038.183854
0.286000	1043.440966
0.285000	1048.743174
0.284000	1054.091025
0.283000	1059.485073
0.282000	1064.925881
0.281000	1070.414023
0.280000	1075.950078
0.279000	1081.534639
0.278000	1087.168304
0.277000	1092.851684
0.276000	1098.585398
0.275000	1104.370074
0.274000	1110.206354
0.273000	1116.094886
0.272000	1122.036331
0.271000	1128.031361
0.270000	1134.080657
0.269000	1140.184913
0.268000	1146.344835
0.267000	1152.561139
0.266000	1158.834553
0.265000	1165.165819
0.264000	1171.555690
0.263000	1178.004931
0.262000	1184.514321
0.261000	1191.084653
0.260000	1197.716733
0.259000	1204.411378
0.258000	1211.169424
0.257000	1217.991717
0.256000	1224.879120
0.255000	1231.832511
0.254000	1238.852782
0.253000	1245.940841
0.252000	1253.097613
0.251000	1260.324038
0.250000	1267.621074
0.249000	1274.989695
0.248000	1282.430891
0.247000	1289.945674
0.246000	1297.535070
0.245000	1305.200125
0.244000	1312.941905
0.243000	1320.761493
0.242000	1328.659994
0.241000	1336.638534
0.240000	1344.698256
0.239000	1352.840327
0.238000	1361.065936
0.237000	1369.376293
0.236000	1377.772631
0.235000	1386.256206
0.234000	1394.828298
0.233000	1403.490211
0.232000	1412.243275
0.231000	1421.088843
0.230000	1430.028297
0.229000	1439.063044
0.228000	1448.194517
0.227000	1457.424181
0.226000	1466.753524
0.225000	1476.184069
0.224000	1485.717365
0.223000	1495.354993
0.222000	1505.098566
0.221000	1514.949729
0.220000	1524.910159
0.219000	1534.981567
0.218000	1545.165701
0.217000	1555.464341
0.216000	1565.879307
0.215000	1576.412453
0.214000	1587.065675
0.213000	1597.840904
0.212000	1608.740114
0.211000	1619.765320
0.210000	1630.918579
0.209000	1642.201992
0.208000	1653.617703
0.207000	1665.167903
0.206000	1676.854831
0.205000	1688.680772
0.204000	1700.648060
0.203000	1712.759083
0.202000	1725.016279
0.201000	1737.422139
0.200000	1749.979210
0.199000	1762.690094
0.198000	1775.557453
0.197000	1788.584008
0.196000	1801.772540
0.195000	1815.125894
0.194000	1828.646979
0.193000	1842.338771
0.192000	1856.204313
0.191000	1870.246721
0.190000	1884.469180
0.189000	1898.874951
0.188000	1913.467371
0.187000	1928.249856
0.186000	1943.225902
0.185000	1958.399089
0.184000	1973.773083
0.183000	1989.351636
0.182000	2005.138594
0.181000	2021.137893
0.180000	2037.353568
0.179000	2053.789752
0.178000	2070.450680
0.177000	2087.340693
0.176000	2104.464239
0.175000	2121.825880
0.174000	2139.430290
0.173000	2157.282265
0.172000	2175.386722
0.171000	2193.748705
0.170000	2212.373387
0.169000	2231.266076
0.168000	2250.432220
0.167000	2269.877409
0.166000	2289.607380
0.165000	2309.628026
0.164000	2329.945393
0.163000	2350.565693
0.162000	2371.495305
0.161000	2392.740783
0.160000	2414.308859
0.159000	2436.206452
0.158000	2458.440671
0.157000	2481.018825
0.156000	2503.948428
0.155000	2527.237206
0.154000	2550.893105
0.153000	2574.924298
0.152000	2599.339194
0.151000	2624.146446
0.150000	2649.354957
0.149000	2674.973894
0.148000	2701.012693
0.147000	2727.481072
0.146000	2754.389038
0.145000	2781.746903
0.144200	2803.964249
0.143400	2826.481909
0.142600	2849.305608
0.141800	2872.441211
0.141000	2895.894728
0.140200	2919.672320
0.139400	2943.780301
0.138600	2960.374806
0.137800	2972.218480
0.137000	2984.178654
0.136200	2996.257164
0.135400	3008.455881
0.134600	3020.776721
0.133800	3033.265782
0.133000	3045.843834
0.132200	3058.550236
0.131400	3071.387068
0.130600	3084.356473
0.129800	3097.460645
0.129000	3110.701824
0.128200	3124.082306
0.127400	3137.604438
0.126600	3151.270620
0.125800	3165.083311
0.125000	3179.045026
0.124200	3193.158341
0.123400	3207.425892
0.122600	3221.850379
0.121800	3236.434567
0.121000	3251.181290
0.120200	3266.093449
0.119400	3281.174017
0.118600	3296.426042
0.117800	3311.852647
0.117000	3327.457035
0.116200	3343.242488
0.115400	3359.212374
0.114600	3375.370145
0.113800	3391.719345
0.113000	3408.263609
0.112200	3425.006666
0.111400	3441.952347
0.110600	3459.104581
0.109800	3476.467405
0.109000	3494.044964
0.108200	3511.841515
0.107400	3529.861435
0.106600	3548.109217
0.105800	3566.589483
0.105000	3585.306983
0.104200	3604.266599
0.103400	3623.473357
0.102600	3642.932422
0.101800	3662.649111
0.101000	3682.628896
0.100200	3702.877409
