1.000000	4.449949
0.999000	4.449951
0.998000	4.449952
0.997000	4.449953
0.996000	4.449955
0.995000	4.449956
0.994000	4.449958
0.993000	4.449959
0.992000	4.449960
0.991000	4.449962
0.990000	4.449963
0.989000	4.449965
0.988000	4.449966
0.987000	4.449968
0.986000	4.449969
0.985000	4.449970
0.984000	4.449972
0.983000	4.449973
0.982000	4.449975
0.981000	4.449976
0.980000	4.449978
0.979000	4.449979
0.978000	4.449981
0.977000	4.449982
0.976000	4.449983
0.975000	4.449985
0.974000	4.449986
0.973000	4.449988
0.972000	4.449989
0.971000	4.449991
0.970000	4.449992
0.969000	4.449994
0.968000	4.449995
0.967000	4.449997
0.966000	4.449998
0.965000	4.450000
0.964000	4.450001
0.963000	4.450003
0.962000	4.450004
0.961000	4.450006
0.960000	4.450007
0.959000	4.450009
0.958000	4.450010
0.957000	4.450012
0.956000	4.450013
0.955000	4.450015
0.954000	4.450016
0.953000	4.450018
0.952000	4.450019
0.951000	4.450021
0.950000	4.450022
0.949000	4.450024
0.948000	4.450025
0.947000	4.450027
0.946000	4.450028
0.945000	4.450030
0.944000	4.450031
0.943000	4.450033
0.942000	4.450034
0.941000	4.450036
0.940000	4.450037
0.939000	4.450039
0.938000	4.450041
0.937000	4.450042
0.936000	4.450044
0.935000	4.450045
0.934000	4.450047
0.933000	4.450048
0.932000	4.450050
0.931000	4.450052
0.930000	4.450053
0.929000	4.450055
0.928000	4.450056
0.927000	4.450058
0.926000	4.450059
0.925000	4.450061
0.924000	4.450063
0.923000	4.450064
0.922000	4.450066
0.921000	4.450067
0.920000	4.450069
0.919000	4.450071
0.918000	4.450072
0.917000	4.450074
0.916000	4.450075
0.915000	4.450077
0.914000	4.450079
0.913000	4.450080
0.912000	4.450082
0.911000	4.450084
0.910000	4.450085
0.909000	4.450087
0.908000	4.450088
0.907000	4.450090
0.906000	4.450092
0.905000	4.450093
0.904000	4.450095
0.903000	4.450097
0.902000	4.450098
0.901000	4.450100
0.900000	4.450102
0.899000	4.450103
0.898000	4.450105
0.897000	4.450107
0.896000	4.450108
0.895000	4.450110
0.894000	4.450112
0.893000	4.450113
0.892000	4.450115
0.891000	4.450117
0.890000	4.450118
0.889000	4.450120
0.888000	4.450122
0.887000	4.450124
0.886000	4.450125
0.885000	4.450127
0.884000	4.450129
0.883000	4.450130
0.882000	4.450132
0.881000	4.450134
0.880000	4.450136
0.879000	4.450137
0.878000	4.450139
0.877000	4.450141
0.876000	4.450142
0.875000	4.450144
0.874000	4.450146
0.873000	4.450148
0.872000	4.450149
0.871000	4.450151
0.870000	4.450153
0.869000	4.450155
0.868000	4.450155
0.867000	4.450155
0.866000	4.450155
0.865000	4.450155
0.864000	4.450155
0.863000	4.450155
0.862000	4.450155
0.861000	4.450155
0.860000	4.450155
0.859000	4.450155
0.858000	4.450155
0.857000	4.450155
0.856000	4.450155
0.855000	4.450155
0.854000	4.450155
0.853000	4.450155
0.852000	4.450155
0.851000	4.450155
0.850000	4.450155
0.849000	4.450155
0.848000	4.450155
0.847000	4.450155
0.846000	4.450155
0.845000	4.450155
0.844000	4.450155
0.843000	4.450155
0.842000	4.450155
0.841000	4.450155
0.840000	4.450155
0.839000	4.450155
0.838000	4.450155
0.837000	4.450155
0.836000	4.450155
0.835000	4.450155
0.834000	4.450155
0.833000	4.450155
0.832000	4.450155
0.831000	4.450155
0.830000	4.450155
0.829000	4.450155
0.828000	4.450155
0.827000	4.450155
0.826000	4.450155
0.825000	4.450155
0.824000	4.450155
0.823000	4.450155
0.822000	4.450155
0.821000	4.450155
0.820000	4.450155
0.819000	4.450155
0.818000	4.450155
0.817000	4.450155
0.816000	4.450155
0.815000	4.450155
0.814000	4.450155
0.813000	4.450155
0.812000	4.450155
0.811000	4.450155
0.810000	4.450155
0.809000	4.450155
0.808000	4.450155
0.807000	4.450155
0.806000	4.450155
0.805000	4.450155
0.804000	4.450155
0.803000	4.450155
0.802000	4.450155
0.801000	4.450155
0.800000	4.450155
0.799000	4.450155
0.798000	4.450155
0.797000	4.450155
0.796000	4.450155
0.795000	4.450155
0.794000	4.450155
0.793000	4.450155
0.792000	4.450155
0.791000	4.450155
0.790000	4.450155
0.789000	4.450155
0.788000	4.450155
0.787000	4.450155
0.786000	4.450155
0.785000	4.450155
0.784000	4.450155
0.783000	4.450155
0.782000	4.450155
0.781000	4.450155
0.780000	4.450155
0.779000	4.450155
0.778000	4.450155
0.777000	4.450155
0.776000	4.450155
0.775000	4.450155
0.774000	4.450155
0.773000	4.450155
0.772000	4.450155
0.771000	4.450155
0.770000	4.450155
0.769000	4.450155
0.768000	4.450155
0.767000	4.450155
0.766000	4.450155
0.765000	4.450155
0.764000	4.450155
0.763000	4.450155
0.762000	4.450155
0.761000	4.450155
0.760000	4.450155
0.759000	4.450155
0.758000	4.450155
0.757000	4.450155
0.756000	4.450155
0.755000	4.450155
0.754000	4.450155
0.753000	4.450155
0.752000	4.450155
0.751000	4.450155
0.750000	4.450155
0.749000	4.450155
0.748000	4.450155
0.747000	4.450155
0.746000	4.450155
0.745000	4.450155
0.744000	4.450155
0.743000	4.450155
0.742000	4.450155
0.741000	4.450155
0.740000	4.450155
0.739000	4.450155
0.738000	4.450155
0.737000	4.450155
0.736000	4.450155
0.735000	4.450155
0.734000	4.450155
0.733000	4.450155
0.732000	4.450155
0.731000	4.450155
0.730000	4.450155
0.729000	4.450155
0.728000	4.450155
0.727000	4.450155
0.726000	4.450155
0.725000	4.450155
0.724000	4.450155
0.723000	4.450155
0.722000	4.450155
0.721000	4.450155
0.720000	4.450155
0.719000	4.450155
0.718000	4.450155
0.717000	4.450155
0.716000	4.450155
0.715000	4.450155
0.714000	4.450155
0.713000	4.450155
0.712000	4.450155
0.711000	4.450155
0.710000	4.450155
0.709000	4.450155
0.708000	4.450155
0.707000	4.450155
0.706000	4.450155
0.705000	4.450155
0.704000	4.450155
0.703000	4.450155
0.702000	4.450155
0.701000	4.450155
0.700000	4.450155
0.699000	4.450155
0.698000	4.450155
0.697000	4.450155
0.696000	4.450155
0.695000	4.450155
0.694000	4.450155
0.693000	4.450155
0.692000	4.450155
0.691000	4.450155
0.690000	4.450155
0.689000	4.450155
0.688000	4.450155
0.687000	4.450155
0.686000	4.450155
0.685000	4.450155
0.684000	4.450155
0.683000	4.450155
0.682000	4.450155
0.681000	4.450155
0.680000	4.450155
0.679000	4.450155
0.678000	4.450155
0.677000	4.450155
0.676000	4.450155
0.675000	4.450155
0.674000	4.450155
0.673000	4.450155
0.672000	4.450155
0.671000	4.450155
0.670000	4.450155
0.669000	4.450155
0.668000	4.450155
0.667000	4.450155
0.666000	4.450155
0.665000	4.450155
0.664000	4.450155
0.663000	4.450155
0.662000	4.450155
0.661000	4.450155
0.660000	4.450155
0.659000	4.450155
0.658000	4.450155
0.657000	4.450155
0.656000	4.450155
0.655000	4.450155
0.654000	4.450155
0.653000	4.450155
0.652000	4.450155
0.651000	4.450155
0.650000	4.450155
0.649000	4.450155
0.648000	4.450155
0.647000	4.450155
0.646000	4.450155
0.645000	4.450155
0.644000	4.450155
0.643000	4.450155
0.642000	4.450155
0.641000	4.450155
0.640000	4.450155
0.639000	4.450155
0.638000	4.450155
0.637000	4.450155
0.636000	4.450155
0.635000	4.450155
0.634000	4.450155
0.633000	4.450155
0.632000	4.450155
0.631000	4.450155
0.630000	4.450155
0.629000	4.450155
0.628000	4.450155
0.627000	4.450155
0.626000	4.450155
0.625000	4.450155
0.624000	4.450155
0.623000	4.450155
0.622000	4.450155
0.621000	4.450155
0.620000	4.450155
0.619000	4.450155
0.618000	4.450155
0.617000	4.450155
0.616000	4.450155
0.615000	4.450155
0.614000	4.450155
0.613000	4.450155
0.612000	4.450155
0.611000	4.450155
0.610000	4.450155
0.609000	4.450155
0.608000	4.450155
0.607000	4.450155
0.606000	4.450155
0.605000	4.450155
0.604000	4.450155
0.603000	4.450155
0.602000	4.450155
0.601000	4.450155
0.600000	4.450155
0.599000	4.450155
0.598000	4.450155
0.597000	4.450155
0.596000	4.450155
0.595000	4.450155
0.594000	4.450155
0.593000	4.450155
0.592000	4.450155
0.591000	4.450155
0.590000	4.450155
0.589000	4.450155
0.588000	4.450155
0.587000	4.450155
0.586000	4.450155
0.585000	4.450155
0.584000	4.450155
0.583000	4.450155
0.582000	4.450155
0.581000	4.450155
0.580000	4.450155
0.579000	4.450155
0.578000	4.450155
0.577000	4.450155
0.576000	4.450155
0.575000	4.450155
0.574000	4.450155
0.573000	4.450155
0.572000	4.450155
0.571000	4.450155
0.570000	4.450155
0.569000	4.450155
0.568000	4.450155
0.567000	4.450155
0.566000	4.450155
0.565000	4.450155
0.564000	4.450155
0.563000	4.450155
0.562000	4.450155
0.561000	4.450155
0.560000	4.450155
0.559000	4.450155
0.558000	4.450155
0.557000	4.450155
0.556000	4.450155
0.555000	4.450155
0.554000	4.450155
0.553000	4.450155
0.552000	4.450155
0.551000	4.450155
0.550000	4.450155
0.549000	4.450155
0.548000	4.450155
0.547000	4.450155
0.546000	4.450155
0.545000	4.450155
0.544000	4.450155
0.543000	4.450155
0.542000	4.450155
0.541000	4.450155
0.540000	4.450155
0.539000	4.450155
0.538000	4.450155
0.537000	4.450155
0.536000	4.450155
0.535000	4.450155
0.534000	4.450155
0.533000	4.450155
0.532000	4.450155
0.531000	4.450155
0.530000	4.450155
0.529000	4.450155
0.528000	4.450155
0.527000	4.450155
0.526000	4.450155
0.525000	4.450155
0.524000	4.450155
0.523000	4.450155
0.522000	4.450155
0.521000	4.450155
0.520000	4.450155
0.519000	4.450155
0.518000	4.450155
0.517000	4.450155
0.516000	4.450155
0.515000	4.450155
0.514000	4.450155
0.513000	4.450155
0.512000	4.450155
0.511000	4.450155
0.510000	4.450155
0.509000	4.450155
0.508000	4.450155
0.507000	4.450155
0.506000	4.450155
0.505000	4.450155
0.504000	4.450155
0.503000	4.450155
0.502000	4.450155
0.501000	4.450155
0.500000	4.450155
0.499000	4.450155
0.498000	4.450155
0.497000	4.450155
0.496000	4.450155
0.495000	4.450155
0.494000	4.450155
0.493000	4.450155
0.492000	4.450155
0.491000	4.450155
0.490000	4.450155
0.489000	4.450155
0.488000	4.450155
0.487000	4.450155
0.486000	4.450155
0.485000	4.450155
0.484000	4.450155
0.483000	4.450155
0.482000	4.450155
0.481000	4.450155
0.480000	4.450155
0.479000	4.450155
0.478000	4.450155
0.477000	4.450155
0.476000	4.450155
0.475000	4.450155
0.474000	4.450155
0.473000	4.450155
0.472000	4.450155
0.471000	4.450155
0.470000	4.450155
0.469000	4.450155
0.468000	4.450155
0.467000	4.450155
0.466000	4.450155
0.465000	4.450155
0.464000	4.450155
0.463000	4.450155
0.462000	4.450155
0.461000	4.450155
0.460000	4.450155
0.459000	4.450155
0.458000	4.450155
0.457000	4.450155
0.456000	4.450155
0.455000	4.450155
0.454000	4.450155
0.453000	4.450155
0.452000	4.450155
0.451000	4.450155
0.450000	4.450155
0.449000	4.450155
0.448000	4.450155
0.447000	4.450155
0.446000	4.450155
0.445000	4.450155
0.444000	4.450155
0.443000	4.450155
0.442000	4.450155
0.441000	4.450155
0.440000	4.450155
0.439000	4.450155
0.438000	4.450155
0.437000	4.450155
0.436000	4.450155
0.435000	4.450155
0.434000	4.450155
0.433000	4.450155
0.432000	4.450155
0.431000	4.450155
0.430000	4.450155
0.429000	4.450155
0.428000	4.450155
0.427000	4.450155
0.426000	4.450155
0.425000	4.450155
0.424000	4.450155
0.423000	4.450155
0.422000	4.450155
0.421000	4.450155
0.420000	4.450155
0.419000	4.450155
0.418000	4.450155
0.417000	4.450155
0.416000	4.450155
0.415000	4.450155
0.414000	4.450155
0.413000	4.450155
0.412000	4.450155
0.411000	4.450155
0.410000	4.450155
0.409000	4.450155
0.408000	4.450155
0.407000	4.450155
0.406000	4.450155
0.405000	4.450155
0.404000	4.450155
0.403000	4.450155
0.402000	4.450155
0.401000	4.450155
0.400000	4.450155
0.399000	4.450155
0.398000	4.450155
0.397000	4.450155
0.396000	4.450155
0.395000	4.450155
0.394000	4.450155
0.393000	4.450155
0.392000	4.450155
0.391000	4.450155
0.390000	4.450155
0.389000	4.450155
0.388000	4.450155
0.387000	4.450155
0.386000	4.450155
0.385000	4.450155
0.384000	4.450155
0.383000	4.450155
0.382000	4.450155
0.381000	4.450155
0.380000	4.450155
0.379000	4.450155
0.378000	4.450155
0.377000	4.450155
0.376000	4.450155
0.375000	4.450155
0.374000	4.450155
0.373000	4.450155
0.372000	4.450155
0.371000	4.450155
0.370000	4.450155
0.369000	4.450155
0.368000	4.450155
0.367000	4.450155
0.366000	4.450155
0.365000	4.450155
0.364000	4.450155
0.363000	4.450155
0.362000	4.450155
0.361000	4.450155
0.360000	4.450155
0.359000	4.450155
0.358000	4.450155
0.357000	4.450155
0.356000	4.450155
0.355000	4.450155
0.354000	4.450155
0.353000	4.450155
0.352000	4.450155
0.351000	4.450155
0.350000	4.450155
0.349000	4.450155
0.348000	4.450155
0.347000	4.450155
0.346000	4.450155
0.345000	4.450155
0.344000	4.450155
0.343000	4.450155
0.342000	4.450155
0.341000	4.450155
0.340000	4.450155
0.339000	4.450155
0.338000	4.450155
0.337000	4.450155
0.336000	4.450155
0.335000	4.450155
0.334000	4.450155
0.333000	4.450155
0.332000	4.450155
0.331000	4.450155
0.330000	4.450155
0.329000	4.450155
0.328000	4.450155
0.327000	4.450155
0.326000	4.450155
0.325000	4.450155
0.324000	4.450155
0.323000	4.450155
0.322000	4.450155
0.321000	4.450155
0.320000	4.450155
0.319000	4.450155
0.318000	4.450155
0.317000	4.450155
0.316000	4.450155
0.315000	4.450155
0.314000	4.450155
0.313000	4.450155
0.312000	4.450155
0.311000	4.450155
0.310000	4.450155
0.309000	4.450155
0.308000	4.450155
0.307000	4.450155
0.306000	4.450155
0.305000	4.450155
0.304000	4.450155
0.303000	4.450155
0.302000	4.450155
0.301000	4.450155
0.300000	4.450155
0.299000	4.450155
0.298000	4.450155
0.297000	4.450155
0.296000	4.450155
0.295000	4.450155
0.294000	4.450155
0.293000	4.450155
0.292000	4.450155
0.291000	4.450155
0.290000	4.450155
0.289000	4.450155
0.288000	4.450155
0.287000	4.450155
0.286000	4.450155
0.285000	4.450155
0.284000	4.450155
0.283000	4.450155
0.282000	4.450155
0.281000	4.450155
0.280000	4.450155
0.279000	4.450155
0.278000	4.450155
0.277000	4.450155
0.276000	4.450155
0.275000	4.450155
0.274000	4.450155
0.273000	4.450155
0.272000	4.450155
0.271000	4.450155
0.270000	4.450155
0.269000	4.450155
0.268000	4.450155
0.267000	4.450155
0.266000	4.450155
0.265000	4.450155
0.264000	4.450155
0.263000	4.450155
0.262000	4.450155
0.261000	4.450155
0.260000	4.450155
0.259000	4.450155
0.258000	4.450155
0.257000	4.450155
0.256000	4.450155
0.255000	4.450155
0.254000	4.450155
0.253000	4.450155
0.252000	4.450155
0.251000	4.450155
0.250000	4.450155
0.249000	4.450155
0.248000	4.450155
0.247000	4.450155
0.246000	4.450155
0.245000	4.450155
0.244000	4.450155
0.243000	4.450155
0.242000	4.450155
0.241000	4.450155
0.240000	4.450155
0.239000	4.450155
0.238000	4.450155
0.237000	4.450155
0.236000	4.450155
0.235000	4.450155
0.234000	4.450155
0.233000	4.450155
0.232000	4.450155
0.231000	4.450155
0.230000	4.450155
0.229000	4.450155
0.228000	4.450155
0.227000	4.450155
0.226000	4.450155
0.225000	4.450155
0.224000	4.450155
0.223000	4.450155
0.222000	4.450155
0.221000	4.450155
0.220000	4.450155
0.219000	4.450155
0.218000	4.450155
0.217000	4.450155
0.216000	4.450155
0.215000	4.450155
0.214000	4.450155
0.213000	4.450155
0.212000	4.450155
0.211000	4.450155
0.210000	4.450155
0.209000	4.450155
0.208000	4.450155
0.207000	4.450155
0.206000	4.450155
0.205000	4.450155
0.204000	4.450155
0.203000	4.450155
0.202000	4.450155
0.201000	4.450155
0.200000	4.450155
0.199000	4.450155
0.198000	4.450155
0.197000	4.450155
0.196000	4.450155
0.195000	4.450155
0.194000	4.450155
0.193000	4.450155
0.192000	4.450155
0.191000	4.450155
0.190000	4.450155
0.189000	4.450155
0.188000	4.450155
0.187000	4.450155
0.186000	4.450155
0.185000	4.450155
0.184000	4.450155
0.183000	4.450155
0.182000	4.450155
0.181000	4.450155
0.180000	4.450155
0.179000	4.450155
0.178000	4.450155
0.177000	4.450155
0.176000	4.450155
0.175000	4.450155
0.174000	4.450155
0.173000	4.450155
0.172000	4.450155
0.171000	4.450155
0.170000	4.450155
0.169000	4.450155
0.168000	4.450155
0.167000	4.450155
0.166000	4.450155
0.165000	4.450155
0.164000	4.450155
0.163000	4.450155
0.162000	4.450155
0.161000	4.450155
0.160000	4.450155
0.159000	4.450155
0.158000	4.450155
0.157000	4.450155
0.156000	4.450155
0.155000	4.450155
0.154000	4.450155
0.153000	4.450155
0.152000	4.450155
0.151000	4.450155
0.150000	4.450155
0.149000	4.450155
0.148000	4.450155
0.147000	4.450155
0.146000	4.450155
0.145000	4.450155
0.144200	4.450155
0.143400	4.450155
0.142600	4.450155
0.141800	4.450155
0.141000	4.450155
0.140200	4.450155
0.139400	4.450155
0.138600	4.450155
0.137800	4.450155
0.137000	4.450155
0.136200	4.450155
0.135400	4.450155
0.134600	4.450155
0.133800	4.450155
0.133000	4.450155
0.132200	4.450155
0.131400	4.450155
0.130600	4.450155
0.129800	4.450155
0.129000	4.450155
0.128200	4.450155
0.127400	4.450155
0.126600	4.450155
0.125800	4.450155
0.125000	4.450155
0.124200	4.450155
0.123400	4.450155
0.122600	4.450155
0.121800	4.450155
0.121000	4.450155
0.120200	4.450155
0.119400	4.450155
0.118600	4.450155
0.117800	4.450155
0.117000	4.450155
0.116200	4.450155
0.115400	4.450155
0.114600	4.450155
0.113800	4.450155
0.113000	4.450155
0.112200	4.450155
0.111400	4.450155
0.110600	4.450155
0.109800	4.450155
0.109000	4.450155
0.108200	4.450155
0.107400	4.450155
0.106600	4.450155
0.105800	4.450155
0.105000	4.450155
0.104200	4.450155
0.103400	4.450155
0.102600	4.450155
0.101800	4.450155
0.101000	4.450155
0.100200	4.450155
