0.100000
0.102329
0.104713
0.107152
0.109648
0.112202
0.114815
0.117490
0.120226
0.123027
0.125893
0.128825
0.131826
0.134896
0.138038
0.141254
0.144544
0.147911
0.151356
0.154882
0.158489
0.162181
0.165959
0.169824
0.173780
0.177828
0.181970
0.186209
0.190546
0.194984
0.199526
0.204174
0.208930
0.213796
0.218776
0.223872
0.229087
0.234423
0.239883
0.245471
0.251189
0.257040
0.263027
0.269153
0.275423
0.281838
0.288403
0.295121
0.301995
0.309030
0.316228
0.323594
0.331131
0.338844
0.346737
0.354813
0.363078
0.371535
0.380189
0.389045
0.398107
0.407380
0.416869
0.426580
0.436516
0.446684
0.457088
0.467735
0.478630
0.489779
0.501187
0.512861
0.524807
0.537032
0.549541
0.562341
0.575440
0.588844
0.602560
0.616595
0.630957
0.645654
0.660693
0.676083
0.691831
0.707946
0.724436
0.741310
0.758578
0.776247
0.794328
0.812831
0.831764
0.851138
0.870964
0.891251
0.912011
0.933254
0.954993
0.977237
1.000000
1.023293
1.047129
1.071519
1.096478
1.122018
1.148154
1.174898
1.202264
1.230269
1.258925
1.288250
1.318257
1.348963
1.380384
1.412538
1.445440
1.479108
1.513561
1.548817
1.584893
1.621810
1.659587
1.698244
1.737801
1.778279
1.819701
1.862087
1.905461
1.949845
1.995262
2.041738
2.089296
2.137962
2.187762
2.238721
2.290868
2.344229
2.398833
2.454709
2.511886
2.570396
2.630268
2.691535
2.754229
2.818383
2.884032
2.951209
3.019952
3.090295
3.162278
3.235937
3.311311
3.388442
3.467369
3.548134
3.630781
3.715352
3.801894
3.890451
3.981072
4.073803
4.168694
4.265795
4.365158
4.466836
4.570882
4.677351
4.786301
4.897788
5.011872
5.128614
5.248075
5.370318
5.495409
5.623413
5.754399
5.888437
6.025596
6.165950
6.309573
6.456542
6.606934
6.760830
6.918310
7.079458
7.244360
7.413102
7.585776
7.762471
7.943282
8.128305
8.317638
8.511380
8.709636
8.912509
9.120108
9.332543
9.549926
9.772372
10.000000
10.232930
10.471285
10.715193
10.964782
11.220185
11.481536
11.748976
12.022644
12.302688
12.589254
12.882496
13.182567
13.489629
13.803843
14.125375
14.454398
14.791084
15.135612
15.488166
15.848932
16.218101
16.595869
16.982437
17.378008
17.782794
18.197009
18.620871
19.054607
19.498446
19.952623
20.417379
20.892961
21.379621
21.877616
22.387211
22.908677
23.442288
23.988329
24.547089
25.118864
25.703958
26.302680
26.915348
27.542287
28.183829
28.840315
29.512092
30.199517
30.902954
31.622777
32.359366
33.113112
33.884416
34.673685
35.481339
36.307805
37.153523
38.018940
38.904514
39.810717
40.738028
41.686938
42.657952
43.651583
44.668359
45.708819
46.773514
47.863009
48.977882
50.118723
51.286138
52.480746
53.703180
54.954087
56.234133
57.543994
58.884366
60.255959
61.659500
63.095734
64.565423
66.069345
67.608298
69.183097
70.794578
72.443596
74.131024
75.857758
77.624712
79.432823
81.283052
83.176377
85.113804
87.096359
89.125094
91.201084
93.325430
95.499259
97.723722
100.000000
102.329299
104.712855
107.151931
109.647820
112.201845
114.815362
117.489755
120.226443
123.026877
125.892541
128.824955
131.825674
134.896288
138.038426
141.253754
144.543977
147.910839
151.356125
154.881662
158.489319
162.181010
165.958691
169.824365
173.780083
177.827941
181.970086
186.208714
190.546072
194.984460
199.526231
204.173794
208.929613
213.796209
218.776162
223.872114
229.086765
234.422882
239.883292
245.470892
251.188643
257.039578
263.026799
269.153480
275.422870
281.838293
288.403150
295.120923
301.995172
309.029543
